568.95 337.461 80.3504
451.554 386.8 23.4305
482.349 368.922 -55.141
573.561 287.644 35.9548
473.355 363.951 169.037
451.737 392.499 0.426078
593.507 254.835 4.46702
544.906 296.971 101.083
443.705 348.815 85.1876
503.6 385.996 46.4132
332.51 466.365 214.202
571.571 285.234 -23.0192
473.827 344.568 -98.9924
483.555 339.807 -77.4269
603.096 224.163 -95.554
612.746 210.248 -5.69254
554.892 273.723 -70.4746
533.424 287.361 -155.411
560.593 292.022 97.0689
591.604 276.24 67.8382
571.769 331.049 10.4099
532.633 318.679 8.79766
474.115 358.036 22.4243
524.741 319.454 18.0206
551.755 280.817 -41.8203
564.187 181.206 30.1742
594.404 246.833 -78.6533
582.376 228.747 110.394
590.661 262.022 43.6326
607.85 248.892 23.0531
431.261 374.147 55.3185
571.799 278.764 -4.88251
594.837 225.968 -33.6806
524.392 308.574 4.26904
531.647 272.031 44.4086
564.625 308.558 30.6167
522.223 299.872 -38.0456
584.954 278.938 11.2589
523.171 353.361 28.9594
583.683 227.785 -97.0759
570.866 262.336 -34.087
502.785 309.499 -37.023
487.907 401.904 23.4637
543.729 347.5 43.6026
451.003 352.303 52.0419
494.186 294.776 125.149
524.499 329.428 45.4616
424.618 385.951 14.5275
562.493 303.319 1.10104
585.639 234.327 18.5751
532.87 329.222 -7.49491
574.092 310.419 -21.5947
521.632 277.034 86.7322
423.409 367.199 -91.385
545.555 292.187 -112.755
520.756 320.968 -96.6218
498.22 417.812 61.2426
563.452 323.857 -22.6625
547.661 291.212 -101.163
494.072 416.936 -6.62436
491.563 340.038 60.435
492.461 342.511 67.6334
521.431 303.306 -38.3152
528.089 346.352 58.5082
510.829 316.115 36.887
562.386 282.915 89.2551
581.845 284.177 -66.8667
555.867 -9.56135 254.769
582.899 227.542 31.4596
494.412 308.79 60.6385
530.635 330.42 97.1306
544.438 264.382 145.117
532.276 333.499 34.1644
612.551 266.045 19.9424
543.46 284.096 57.654
522.441 331.005 21.1705
490.512 338.866 -71.6808
494.697 387.878 2.2264
611.827 272.522 -51.5781
630.099 236.781 -35.5134
473.746 380.806 -16.9427
632.093 170.401 74.1493
492.839 311.703 27.3195
573.878 272.28 92.6822
483.318 323.746 -21.4221
554.72 289.254 43.4417
562.041 284.15 -63.2353
603.217 221.565 -101.885
512.094 302.417 -60.9581
574.601 306.178 -46.3651
571.671 282.634 -34.0732
510.929 347.018 1.99719
530.983 275.68 -18.9416
570.029 277.7 -72.2118
491.352 297.653 43.9347
464.227 320.19 45.4944
500.009 294.344 -29.9089
510.676 339.768 -11.3183
615.908 250.548 -60.6035
582.083 299.049 33.4195
586.115 287.458 -54.8497
490.068 307.633 10.3632
574.129 239.252 180.103
532.624 344.087 -48.0414
554.179 243.454 117.595
542.099 285.945 103.974
559.147 273.341 -27.8349
542.053 355.677 44.8541
544.194 295.95 -69.4281
500.615 362.982 -9.04795
580.629 272.29 62.1796
540.514 231.7 112.665
582.576 266.84 -18.8663
570.06 309.627 -17.5676
541.04 267.485 -64.581
532.973 295.424 -85.5395
610.048 207.691 -21.5506
643.105 180.349 8.93128
555.803 294.94 41.5331
531.08 288.09 39.4688
530.002 328.63 -94.1055
594.268 247.898 -11.2359
550.403 306.495 42.3283
552.995 254.916 77.5499
550.382 262.282 -156.624
522.426 312.005 -23.6426
589.419 267.478 146.941
534.026 268.354 -59.3319
501.108 341.578 -109.579
427.804 332.335 -250.218
568.681 235.591 -113.852
569.907 263.29 72.3412
481.423 402.774 76.009
567.048 318.947 -42.1955
550.869 295.205 -26.2442
536.724 293.588 -33.2328
441.644 395.035 -11.5557
560.459 321.517 31.6716
553.057 244.744 -112.811
492.078 320.408 57.4148
590.39 269.844 36.818
641.593 66.8299 -65.4211
640.705 162.04 57.4116
500.642 258.259 61.7422
544.9 283.821 -95.4934
523.586 257.716 -177.364
541.588 270.026 110.338
584.736 301.027 -15.2451
521.952 305.371 99.6911
601.692 242.804 56.2223
522.31 294.057 88.8973
560.151 295.136 -4.48986
560.459 306.065 31.2395
621.313 209.045 -15.7357
600.414 169.004 48.9421
543.402 287.114 36.0277
444.353 348.801 106.67
571.17 229.397 -7.36238
506.985 296.029 -4.13758
473.363 336.235 77.4799
557.794 301.135 9.97321
544.688 261.167 46.9717
633.266 214.17 9.10384
610.996 268.057 47.7942
603.914 274.51 78.3986
540.023 341.542 31.6311
564.499 285.222 -18.1583
521.084 272.637 -93.0259
493.99 328.601 -38.7772
531.049 337.465 -86.2075
483.927 393.738 4.17924
568.54 317.926 -29.1326
580.71 286.385 -46.3428
491.797 319.478 -92.1824
594.121 246.407 32.4903
540.717 268.255 -85.8852
523.146 361.886 9.46307
523.005 312.586 37.3596
527.836 344.048 -44.057
532.441 284.497 99.1446
474.476 295.722 111.161
460.765 293.626 49.3453
481.126 344.133 10.7439
592.414 271.097 -57.767
613.012 191.745 -24.0175
570.902 310.288 10.3408
452.203 365.314 4.31151
570.07 330.62 42.0122
566.637 284.42 -42.4646
610.017 278.248 -14.6455
516.193 327.209 -40.7025
517.875 324.3 36.8607
504.752 349.511 -44.0068
576.933 295.372 -9.63953
491.333 316.781 -33.8788
552.661 310.934 23.9333
511.434 332.081 32.9407
567.274 280.277 -65.7581
552.845 276.229 54.6664
472.632 378.643 -53.8566
542.193 323.342 58.1489
541.345 301.836 -99.9516
498.064 360.404 -27.0342
555.666 306.019 -88.4135
547.645 278.81 62.9978
524.959 347.614 110.658
543.843 308.792 -36.9754
501.42 316.854 184.357
564.562 341.208 48.6906
524.439 239.752 95.4302
491.785 379.071 -20.9802
523.566 322.825 25.5973
554.02 245.343 -47.7207
564.066 279.183 -80.7605
483.705 352.567 55.839
513.594 293.634 5.72355
482.083 391.205 -33.2889
550.751 322.986 54.8391
524.698 351.586 -41.4896
444.177 366.919 10.5591
606.633 281.577 26.6896
544.922 301.454 53.2217
592.279 234.203 -53.2376
617.697 240.113 20.0987
590.564 237.377 88.6814
592.372 294.725 5.05134
493.604 346.662 26.0428
554.947 309.623 8.67807
532.794 337.015 15.5063
502.869 362.975 -12.5689
433.364 394.224 -34.2514
583.669 219.545 -153.377
560.689 300.442 90.4656
450.594 388.221 -50.1916
552.397 259.266 -30.4352
590.962 218.948 25.1814
573.097 213.73 -116.952
492.758 419.987 4.97115
508.333 341.79 37.3568
513.868 298.941 9.21546
543.853 343.379 -25.9357
440.916 324.9 -73.4167
511.743 320.684 7.11914
512.184 340.237 114.558
403.911 470.695 -31.1748
520.953 349.56 -175.739
484.95 341.496 -112.136
568.714 252.48 -86.3019
580.72 268.521 -77.2694
592.866 220.515 -32.2997
491.831 333.801 -73.4751
507.455 290.223 39.3005
483.325 388.502 41.7232
537.416 323.513 -58.4183
450.103 394.053 91.1318
616.757 241.318 -105.884
523.592 271.951 -19.5916
491.205 335.195 -64.5769
490.13 378.68 5.32249
569.359 260.918 -66.994
540.576 304.545 -67.1537
534.097 320.42 44.3397
550.605 316.752 -64.6852
501.653 286.189 -106.698
512.009 306.674 -29.2859
544.239 321.67 -37.0492
554.405 242.089 -71.5223
562.591 238.081 -63.6114
617.022 171.492 18.6542
569.464 320.719 -58.1532
500.831 380.935 13.2172
477.527 330.912 -47.312
529.446 281.111 -50.9114
562.867 217.689 50.5914
622.255 224.769 10.8175
464.767 276.871 -179.497
527.21 358.004 20.9933
550.785 368.572 13.7362
551.987 332.739 8.30588
482.909 284.8 27.662
521.734 248.743 22.1066
563.725 282.827 4.38164
581.342 256.787 11.7752
525.614 267.209 -136.323
499.212 322.439 -37.8111
534.761 318.636 96.9099
515.271 327.137 0.0699281
514.597 267.482 4.57462
574.452 311.492 -51.5867
521.222 369.342 101.166
514.842 353.117 78.5534
422.136 355.81 -74.5171
543.4 266.948 -0.457479
551.347 316.981 46.9656
510.246 273.32 107.406
610.9 221.142 46.557
554.376 282.519 -35.7217
534.586 330.669 -120.911
503.02 281.303 -24.2465
502.734 312.951 -4.12555
630.43 194.577 50.6161
540.032 354.826 -72.7818
471.564 376.293 -31.9956
500.531 340.305 -56.939
582.576 280.209 -26.6896
528.055 300.145 19.127
620.033 255.711 9.90461
510.039 367.404 107.14
560.668 257.109 52.2793
541.251 314.419 29.8731
447.288 377.995 -41.8724
520.215 353.74 11.6625
570.955 274.495 40.7249
554.683 256.452 -48.8812
573.305 277.052 -17.3861
454.653 332.698 51.3194
578.003 301.631 -63.6741
520.772 319.638 -5.15671
564.683 260.529 62.4514
545.178 278.554 -31.2219
564.304 320.338 -11.0945
559.337 321.548 -37.3978
554.224 337.164 -60.0191
541.01 310.382 -14.4515
536.141 314.641 11.2361
571.493 318.695 -1.9809
564.319 278.81 53.0408
479.171 351.28 -55.3893
511.346 293.532 34.0574
461.121 317.095 -16.1998
535.403 275.7 137.781
501.833 304.796 35.4235
571.844 295.973 22.4994
588.233 291.578 64.9352
504.77 321.607 -68.434
622.436 186.901 56.9913
513.338 264.405 12.4559
506.394 338.271 35.2258
511.227 322.735 41.5161
561.488 233.657 73.9408
350.6 330.436 -348.432
560.859 304.099 -37.3686
613.255 228.503 9.82694
513.039 314.702 7.65617
533.802 336.424 10.9054
522.764 319.707 -30.5281
498.01 387.141 11.2665
563.893 260.903 -33.5762
580.225 102.649 229.2
544.45 248.267 42.1156
502.96 312.029 -23.2464
531.736 324.116 60.0585
552.549 306.785 142.465
542.816 304.005 24.0868
515.369 294.449 -85.8817
570.754 239.8 180.182
544.481 264.189 40.3472
537.512 340.38 -84.9627
564.938 242.856 86.6128
572.392 219.443 -92.9915
512.561 327.444 -35.0418
545.576 267.932 89.0303
502.199 345.825 -50.1379
661.675 195.558 -53.3018
602.629 192.188 68.4215
448.523 370.091 -59.7203
472.562 341.301 23.3893
569.525 250.942 -66.0261
541.799 300.58 -65.6641
573.832 307.604 10.3133
571.788 271.81 17.0819
484.32 326.809 -51.2443
534.476 374.669 -75.8887
471.39 264.212 74.8127
553.876 290.758 -68.3274
521.308 303.985 -39.3482
444.694 370.328 -34.9198
622.774 195.435 -15.8192
573.078 299.864 15.6593
590.299 247.99 -8.06648
540.411 252.668 -64.2135
542.999 313.806 -1.47877
544.326 277.016 -4.08276
635.225 170.329 142.371
471.108 329.83 -59.778
511.479 289.926 -14.3212
544.187 285.933 51.1357
512.48 330.096 17.466
513.221 322.734 41.9115
563.565 272.566 -41.1305
469.634 368.642 0.338831
477.441 368.67 76.2476
574.747 294.483 113.47
521.892 313.437 41.8998
563.513 257.908 47.4457
533.45 338.173 -33.8268
582 247.77 -6.04434
531.132 332.108 -11.8013
517.426 295.463 -14.882
587.042 315.958 -1.6217
554.267 248.751 -102.895
563.791 299.907 57.9765
484.502 381.855 99.4606
565.002 321.553 12.8387
583.675 237.176 -49.0492
562.913 281.208 47.8745
502.495 319.391 99.1463
544.03 291.393 5.84547
554.046 241.974 105.782
527.231 266.217 -80.7249
591.347 231.259 -110.984
592.972 158.574 130.735
485.007 319.85 23.3031
554.832 338.836 14.5187
522.133 299.376 -33.8474
560.264 299.76 -46.8448
492.311 356.068 105.574
623.721 250.385 48.6042
624.581 251.193 -7.69967
543.476 284.177 -25.8098
562.662 274.97 -32.3059
584.032 273.415 105.377
511.97 357.215 92.7415
570.557 279.488 0.202332
590.19 241.024 37.3507
551.072 290.978 15.6815
531.05 317.243 16.9098
467.061 320.26 144.894
640.07 198.789 77.8852
586.171 249.773 40.9386
550.366 156.586 -172.781
545.115 341.684 -4.90708
563.936 284.734 -83.0661
520.469 306.303 37.0851
543.97 343.503 -64.8737
543.907 307.613 63.4173
524.193 313.125 -21.8259
473.27 294.507 -8.86562
596.32 252.115 -30.4895
562.585 327.001 -90.0614
615.545 117.97 12.3208
550.573 285.073 -15.2835
500.417 361.21 -5.98701
491.082 347.532 37.7056
533.488 356.854 103.261
540.502 247.013 -30.0935
552.941 283.45 -74.2019
531.105 329.286 71.5818
491.665 337.73 28.415
581.968 271.783 -47.7255
562.882 329.487 -23.416
554.312 280.194 28.8195
565.37 231.893 -42.1321
571.914 315.27 66.0051
593.807 211.24 -59.9325
592.812 214.962 -24.1388
524.954 326.472 -76.1575
584.998 238.025 -170.615
579.047 175.907 70.895
554.432 365.157 83.3287
558.109 301.148 -15.8505
560.148 320 36.2186
472.078 415.6 -20.5925
543.311 252.979 -5.11873
521.454 266.597 97.488
543.966 297.313 23.3149
532.079 312.169 21.2775
549.202 349.126 7.98618
524.445 304.649 113.883
554.289 309.431 -45.5397
632.596 228.232 49.932
534.227 347.509 52.1034
511.306 309.103 15.997
501.579 321.209 21.2212
523.06 350.521 -59.2702
557.6 327.266 30.5105
524.329 364.511 22.3225
521.255 306.122 137.13
484.653 361.416 -34.7173
501.528 324.112 50.6297
542.658 296.648 -5.20611
636.161 171.334 81.1744
515.391 353.555 -27.2827
548.594 300.184 78.4429
463.16 387.141 46.413
623.317 179.248 140.644
533.817 340.976 -102.681
574.446 271.986 -61.4541
463.849 448.054 -33.1834
542.46 257.865 -90.5316
534.412 334.636 43.7305
594.272 287.543 -87.6062
501.592 344.488 135.781
543.899 259.753 14.2914
577.434 242.175 7.56653
561.514 294.763 39.2695
544.457 270.44 72.0046
532.982 313.846 -5.96485
512.647 308.255 126.823
536.277 289.09 27.2065
554.967 263.361 94.9391
524.687 325.314 -50.5854
594.51 240.881 67.2428
490.447 302.055 36.5245
561.898 264.463 -20.2632
522.938 305.394 85.8104
624.617 130.739 56.0882
489.529 309.465 -30.5556
553.763 292.483 114.093
601.727 205.007 -18.5455
562.277 240.577 -43.0864
473.246 383.409 -84.7928
562.239 307.56 4.151
494.932 321.475 -68.7854
180.457 600 161.559
523.391 323.757 16.8635
543.332 334.69 -2.13709
614.386 258.096 3.93158
577.58 261.279 25.1819
600.574 301.581 -52.2349
530.737 335.567 21.7464
574.394 324.76 -34.5331
480.51 345.181 36.2051
525.429 321.648 128.41
531.51 299.068 -4.79067
522.978 234.021 -88.513
550.44 285.813 60.0628
638.464 186.726 -152.483
592.363 252.209 -82.0482
593.664 321.383 -24.9538
504.087 341.93 -47.7024
491.975 317.355 -77.3184
572.111 228.746 57.9482
521.616 303.696 -40.0917
618.463 263.277 -83.7927
502.43 336.062 -117.68
514.01 345.33 -21.067
584.303 279.767 22.4595
594.089 278.218 33.6599
581.493 256.906 -69.4202
512.616 334.042 14.5743
566.414 253.601 27.7703
539.802 323.906 -6.51734
543.364 207.744 -176.851
543.69 322.654 46.3896
560.152 314.887 -63.5663
524.001 290.004 -32.1483
572.657 272.902 -94.8431
534.879 292.028 -21.4109
534.268 256.935 75.0567
537.972 267.999 71.2056
493.307 284.739 -161.902
588.438 235.279 -41.775
604.856 236.518 -56.055
571.169 238.344 -1.40075
573.846 197.284 -3.27487
483.942 329.576 -58.6528
519.508 349.16 86.3809
590.121 206.397 -103.957
613.616 209.333 -1.37547
544.342 280.546 -53.7233
462.32 347.658 212.726
531.663 311.183 73.6406
558.552 259.924 157.025
509.846 251.718 20.2672
565.953 273.903 10.8762
543.056 261.978 59.9299
544.274 299.766 -17.8953
546.492 331.466 -7.53218
502.839 344.252 19.9942
444.954 321.253 35.6126
574.026 268.717 -25.8847
490.756 341.255 16.4637
563.917 286.233 -17.6235
512.436 359.774 54.2493
490.328 376.179 -60.7221
581.545 316.504 59.9432
552.686 287.954 -207.843
552.141 280.663 3.79903
487.346 279.625 -53.8662
551.399 305.028 125.409
564.338 241.107 -7.89515
593.601 279.989 -32.3068
551.507 339.091 -28.553
567.909 255.503 4.03659
460.866 308.621 -56.7417
514.565 320.389 10.5431
552.017 335.072 -71.7001
540.522 277.814 -32.7247
624.069 159.774 48.8453
451.166 327.807 -12.9961
551.483 263.258 117.942
572.874 282.766 -52.5203
601.175 174.454 -117.742
520.025 347.29 -69.2705
520.577 290.656 -38.3281
554.249 274.492 -17.4139
512.308 282.164 -100.361
548.503 316.276 -45.5308
608.419 226.252 112.464
540.493 297.829 17.8664
551.568 295.269 40.3758
490.779 347.822 -11.0744
561.61 255.47 0.613952
542.614 256.149 -20.6397
571.553 245.243 34.5822
592.785 265.126 9.50297
503.571 329.144 -25.982
442.029 411.043 90.2906
602.455 185.928 3.08095
570.604 229.961 -9.32259
602.25 228.597 -36.8793
493.066 333.436 73.3027
545.16 318.557 -2.77814
1.51181 -237.509 256.056
509.109 392.845 -21.71
502.795 364.191 -27.3143
562.472 295.126 49.8785
571.003 269.268 75.5823
462.455 265.546 209.533
544.961 340.505 -128.051
501.379 371.953 24.771
543.806 344.683 -57.7361
580.114 198.968 -9.10467
552.008 348.22 109.534
554.958 198.496 -262.881
524.721 356.363 18.2976
583.167 264.352 -84.9615
495.658 383.974 56.152
564.325 190.212 -69.6928
514.432 231.909 -233.297
490.854 370.513 -34.85
560.092 272.311 -28.4306
580.712 311.828 1.06597
604.187 203.15 86.8757
544.872 295.415 7.17181
561.74 277.128 -9.21476
511.622 306.229 -72.7396
582.695 319.534 -55.6072
542.944 295.776 63.1043
543.221 293.409 46.4143
580.212 276.746 27.9261
544.349 288.887 60.1233
585.125 280.051 -54.3538
536.848 355.826 -1.48619
560.414 287.379 72.0968
544.531 273.866 -38.0983
552.418 305.73 9.31579
531.108 345.434 0.393551
571.824 263.854 -145.991
421.124 331.798 100.291
482.87 355.342 106.152
503.428 351.32 133.333
570.559 290.502 83.6221
544.112 283.066 -15.069
514.834 302.123 -13.4941
573.331 276.775 55.5451
571.226 274.672 -18.4266
505.84 399.548 -26.8658
561.07 318.367 -22.3789
553.859 279.719 37.5637
544.958 306.642 -24.1322
602.755 240.974 15.9595
530.589 299.802 -18.6103
542.525 298.468 -20.0413
639.81 161.761 64.1791
503.255 349.107 -114.124
493.883 316.034 -14.6492
540.429 362.767 71.0797
533.253 288.898 50.0864
553.375 313.407 -90.8084
634.289 209.418 -14.0656
474.927 334.214 -218.47
502.885 339.243 -72.6401
624.241 264.279 -31.1516
561.286 295.096 9.5057
561.946 291.197 -44.3252
508.839 295.082 -86.3013
532.561 315.428 23.3827
521.137 342.417 42.7707
521.833 350.51 -41.1196
505.406 305.797 -36.0823
570.164 250.133 -19.9347
578.352 262.444 -11.4138
553.162 314.344 -5.16648
532.597 307.664 -45.5686
594.385 234.91 -26.5722
455.79 351.473 -73.0135
523.156 367.07 18.6075
560.246 317.41 31.2224
514.884 361.616 -119.108
531.024 303.974 32.4595
474.361 341.558 4.66579
512.057 364.403 0.20399
533.38 309.468 -34.6352
473.35 343.834 -131.04
482.571 277.456 18.0909
573.874 299.962 -21.8794
561.788 243.95 142.493
530.675 230.43 -8.17736
513.015 370.793 21.4938
450.082 300.428 -1.72673
544.662 360.614 73.5418
545.123 268.019 70.0024
493.155 318.468 -38.3574
562.997 237.254 4.44493
548.909 353.162 6.49568
553.1 294.442 11.4941
621.782 296.115 7.77626
474.225 307.943 -1.44257
627.987 191.188 -52.6497
604.052 261.477 -91.7392
572.564 238.591 -3.34713
571.186 260.66 -75.8842
574.44 240.599 -37.4405
552.013 342.549 -56.5409
523.714 303.789 76.355
531.935 282.537 5.33123
552.455 296.3 98.1618
520.049 318.244 -75.6136
445.23 306.731 159.519
464.074 263.581 -168.725
553.912 308.25 10.0381
482.658 318.6 -152.641
522.306 324.357 -2.63201
514.706 322.682 120.271
560.938 239.8 36.1005
553.894 238.399 184.891
536.174 358.606 59.8436
482.301 365.99 -66.4881
605.565 201.459 100.792
456.602 359.232 -79.8844
553.852 235.884 -95.8252
481.671 340.536 -59.1838
600.843 281.249 22.5093
503.079 295.518 54.2557
492.632 349.708 109.777
575.846 241.43 21.8777
534.064 323.324 -3.95232
532.177 313.706 2.12406
540.577 313.678 -26.3395
627.077 234.19 3.74239
564.875 296.84 68.2494
410.743 427.835 -45.7616
592.831 273.332 -71.7378
500.019 295.425 -115.027
611.982 264.769 8.46053
523.968 340.618 37.0777
571.127 225.884 -53.5194
461.823 294.054 -34.3207
552.655 214.069 -40.0885
574.593 248.295 -93.296
542.588 279.408 -23.1273
543.747 313.727 82.1293
543.812 340.971 -23.1985
553.187 273.732 -74.8089
591.329 302.675 -74.809
612.377 219.541 15.8506
431.741 303.108 -38.7932
552.94 298.719 -36.0149
593.72 264.021 75.778
559.823 293.752 61.3252
618.255 189.352 66.9754
502.664 356.188 27.5867
594.02 265.249 5.20934
554.256 324.881 28.3541
558.894 294.216 -58.8422
543.503 319.011 -61.385
604.392 255.996 92.0536
542.691 284.822 113.25
568.394 309.643 -14.5797
484.436 362.755 -99.8097
562.319 310.026 -15.3086
484.2 322.345 25.0416
542.298 275.81 144.328
536.218 337.511 -8.02235
484.576 300.113 -103.896
533.533 302.829 54.3316
501.454 326.563 -71.4466
573.542 290.292 -16.7402
497.704 327.869 -83.2128
482.897 378.978 -8.87165
404.275 438.497 -155.918
461.798 352.945 -4.79656
484.362 324.729 -21.0858
533.462 299.871 60.1937
483.548 309.596 -82.8692
551.35 311.184 13.5182
531.976 339.333 77.8614
562.548 349.106 17.5836
543.862 325.512 -81.9924
610.789 206.819 -40.6555
518.269 338.319 -4.94104
584.804 286.243 26.411
504.764 296.566 84.2491
557.934 322.273 -24.3919
562.169 307.976 -20.4036
492.529 348.826 31.1261
495.504 350.011 -23.0474
553.218 209.096 -4.4913
521.119 330.283 49.638
494.652 315.705 30.758
577.805 299.822 -40.7078
602.551 245.804 41.5431
570.811 279.469 -110.79
531.988 348.603 11.4456
602.046 219.795 -138.822
552.034 238.775 34.9963
602.648 211.832 -88.1225
543.407 294.806 -40.2309
552.323 276.967 -67.9184
577.129 285.86 80.6961
562.155 257.53 197.628
561.075 294.371 51.9256
613.354 205.86 37.0438
603.852 252.115 109.902
444.416 380.712 -37.4902
574.593 295.899 45.6539
590.048 241.566 -0.63216
588.383 226.427 -77.8054
503.237 376.742 22.0863
577.349 281.454 36.1136
498.316 319.322 -10.9307
549.136 332.598 -52.961
534.201 372.921 -79.9348
502.371 270.546 92.5028
607.281 209.653 31.2047
531.473 304.092 -56.7149
517.6 354.117 32.9321
502.051 306.24 24.731
496.571 211.262 290.751
641.057 136.033 24.2936
523.62 288.719 -52.8344
485.294 354.034 -19.2146
593.625 278.886 -80.0506
564.305 298.736 25.7749
572.209 253.968 -69.8097
542.777 282.847 -20.7274
570.587 270.723 30.3443
500.209 352.858 10.3092
554.694 308.26 -50.0849
602.635 246.537 51.0418
632.184 217.12 13.6165
561.846 286.601 -23.8922
424.208 446.783 42.5841
471.999 379.843 -23.0213
422.241 297.056 -82.4886
554.473 332.93 19.0574
521.823 340.612 10.1287
542.67 294.579 -30.2195
534.515 328.312 -50.3911
571.109 294.622 112.752
549.443 320.815 -44.4756
581.226 237.455 -83.3909
541.228 261.957 -47.0085
530.41 293.701 95.1929
574.904 250.705 3.68491
582.84 166.32 105.603
554.462 269.189 56.5289
610.227 233.962 -4.83899
499.154 280.063 56.6852
570.188 201.761 49.5796
583.853 234.177 8.90025
561.154 304.651 -5.78783
604.061 216.877 32.5848
582.588 275.995 -93.0344
592.222 254.286 30.5844
619.718 278.647 -88.1815
608.512 211.363 -25.0762
481.946 389.424 -63.3345
494.738 394.569 -7.72166
510.819 310.792 -10.3462
574.08 257.882 -179.289
503.646 364.114 91.4359
584.033 227.576 -42.7675
533.439 306.027 56.8104
601.424 222.647 175.282
577.582 342.556 33.8787
550.662 338.934 -10.9762
440.205 329.456 65.8075
594.475 248.598 13.0643
570.487 243.36 28.3896
494.86 348.939 108.047
515.509 298.287 47.7155
489.665 407.412 -58.6865
503.694 320.24 33.7605
594.422 277.824 22.0379
500.045 235.511 -203.484
482.378 365.583 -110.461
568.538 276.817 -49.4868
521.2 289.62 86.0266
625.002 224.376 -22.2176
594.749 278.576 -95.0475
554.827 371.31 -46.253
585.537 225.115 -28.2616
536.511 298.383 35.0872
591.973 200.929 -8.17996
370.161 447.238 -31.1107
540.302 349.222 -41.9088
498.182 331.384 -46.2817
602.375 124.752 22.6704
503.719 317.775 15.8615
598.14 194.011 82.6386
594.423 278.802 -27.7152
514.462 247.944 -10.6388
533.926 231.13 33.7979
627.307 110.247 -40.3746
579.231 293.229 -21.6353
604.913 260.237 -16.111
604.22 276.858 -96.6064
532.336 298.465 80.7159
572.702 197.97 58.9064
554.668 272.59 -14.9287
590.963 234.68 -24.7113
545.758 330.4 -48.9862
545.278 328.428 -53.4788
390.016 260.248 -16.0508
548.963 284.817 89.1749
586.169 285.747 -0.666593
554.815 371.798 -92.9526
615.382 180.958 88.6922
610.753 230.227 19.8027
581.632 289.866 -38.9762
423.268 457.934 -121.073
560.736 297.167 40.108
623.374 245.366 -28.3212
540.987 310.754 -61.3591
574.576 246.888 -11.6598
442.598 326.919 -16.2788
492.011 369.637 -0.202122
593.589 217.005 18.979
412.611 411.367 -2.24212
600.708 221.394 109.932
560.098 278.054 52.4161
551.772 264.572 31.6072
580.27 303.896 37.2272
534.257 321.703 -63.2549
532.183 270.186 -83.49
501.204 318.997 22.4666
402.098 423.67 70.3512
521.761 315.101 -39.832
446.644 395.327 -57.5655
583.029 235.568 18.3799
583.419 252.382 90.4975
621.444 255.936 -18.7561
614.083 247.978 16.6359
462.681 414.202 -54.5303
513.99 360.002 -30.2014
629.498 224.199 147.206
496.873 331.993 60.8587
534.459 353.916 -57.0511
584.276 231.602 107.982
530.84 304.291 47.0424
553.35 342.083 -43.9271
590.782 263.609 36.5346
493.553 279.823 5.91041
611.596 243.36 85.9911
563.21 290.23 -18.7589
492.913 320.865 19.6856
500.968 355.7 -75.0502
571.388 292.356 38.9359
471.755 361.263 -71.8544
562.521 272.569 2.75903
481.596 300.139 -63.1889
524.902 349.175 17.1454
569.483 226.377 59.9526
504.069 397.127 32.9332
550.033 267.108 25.8822
571.516 204.111 36.9054
533.719 298.075 224.514
594.568 229.825 10.4442
591.289 269.912 -4.96563
602.651 287.577 -75.1053
563.502 252.218 3.88811
580.444 -82.6627 214.119
