0.1 2.12374146e+17
0.1098 2.55700002e+17
0.1196 3.0297867e+17
0.1294 3.54193939e+17
0.1392 4.09329601e+17
0.149 4.68369447e+17
0.1588 5.3129727e+17
0.1686 5.98096859e+17
0.1784 6.68752006e+17
0.1882 7.43246503e+17
0.198 8.21564141e+17
0.2078 9.03688711e+17
0.2176 9.89604005e+17
0.2274 1.07929381e+18
0.2372 1.17274193e+18
0.247 1.26993214e+18
0.2568 1.37084824e+18
0.2666 1.47547402e+18
0.2764 1.58379327e+18
0.2862 1.69578978e+18
0.296 1.81144735e+18
0.3058 1.93074976e+18
0.3156 2.05368081e+18
0.3254 2.18022429e+18
0.3352 2.31036398e+18
0.345 2.44408369e+18
0.3548 2.58136719e+18
0.3646 2.72219829e+18
0.3744 2.86656078e+18
0.3842 3.01443843e+18
0.394 3.16581506e+18
0.4038 3.32067444e+18
0.4136 3.47900038e+18
0.4234 3.64077665e+18
0.4332 3.80598705e+18
0.443 3.97461538e+18
0.4528 4.14664542e+18
0.4626 4.32206097e+18
0.4724 4.50084581e+18
0.4822 4.68298375e+18
0.492 4.86845856e+18
0.5018 5.05725404e+18
0.5116 5.24935399e+18
0.5214 5.44474219e+18
0.5312 5.64340243e+18
0.541 5.84531851e+18
0.5508 6.05047421e+18
0.5606 6.25885334e+18
0.5704 6.47043967e+18
0.5802 6.68521701e+18
0.59 6.90316914e+18
0.5998 7.12427985e+18
0.6096 7.34853294e+18
0.6194 7.57591219e+18
0.6292 7.8064014e+18
0.639 8.03998436e+18
0.6488 8.27664486e+18
0.6586 8.51636669e+18
0.6684 8.75913364e+18
0.6782 9.00492951e+18
0.688 9.25373808e+18
0.6978 9.50554315e+18
0.7076 9.76032851e+18
0.7174 1.00180779e+19
0.7272 1.02787753e+19
0.737 1.05424042e+19
0.7468 1.08089486e+19
0.7566 1.10783923e+19
0.7664 1.1350719e+19
0.7762 1.16259125e+19
0.786 1.19039567e+19
0.7958 1.21848352e+19
0.8056 1.2468532e+19
0.8154 1.27550307e+19
0.8252 1.30443153e+19
0.835 1.33363694e+19
0.8448 1.36311769e+19
0.8546 1.39287215e+19
0.8644 1.42289871e+19
0.8742 1.45319574e+19
0.884 1.48376162e+19
0.8938 1.51459474e+19
0.9036 1.54569347e+19
0.9134 1.57705619e+19
0.9232 1.60868128e+19
0.933 1.64056711e+19
0.9428 1.67271208e+19
0.9526 1.70511455e+19
0.9624 1.73777291e+19
0.9722 1.77068553e+19
0.982 1.8038508e+19
0.9918 1.83726709e+19
1.0016 1.87093279e+19
1.0114 1.90484626e+19
1.0212 1.9390059e+19
1.031 1.97341008e+19
1.0408 2.00805717e+19
1.0506 2.04294557e+19
1.0604 2.07807364e+19
1.0702 2.11343977e+19
1.08 2.14904233e+19
1.0898 2.18487971e+19
1.0996 2.22095028e+19
1.1094 2.25725243e+19
1.1192 2.29378452e+19
1.129 2.33054495e+19
1.1388 2.36753209e+19
1.1486 2.40474432e+19
1.1584 2.44218002e+19
1.1682 2.47983757e+19
1.178 2.51771534e+19
1.1878 2.55581172e+19
1.1976 2.59412508e+19
1.2074 2.63265381e+19
1.2172 2.67139628e+19
1.227 2.71035088e+19
1.2368 2.74951597e+19
1.2466 2.78888995e+19
1.2564 2.82847119e+19
1.2662 2.86825807e+19
1.276 2.90824896e+19
1.2858 2.94844225e+19
1.2956 2.98883632e+19
1.3054 3.02942954e+19
1.3152 3.0702203e+19
1.325 3.11120698e+19
1.3348 3.15238794e+19
1.3446 3.19376158e+19
1.3544 3.23532627e+19
1.3642 3.27708039e+19
1.374 3.31902232e+19
1.3838 3.36115044e+19
1.3936 3.40346312e+19
1.4034 3.44595876e+19
1.4132 3.48863571e+19
1.423 3.53149238e+19
1.4328 3.57452713e+19
1.4426 3.61773834e+19
1.4524 3.66112439e+19
1.4622 3.70468367e+19
1.472 3.74841454e+19
1.4818 3.7923154e+19
1.4916 3.83638462e+19
1.5014 3.88062057e+19
1.5112 3.92502164e+19
1.521 3.96958621e+19
1.5308 4.01431265e+19
1.5406 4.05919935e+19
1.5504 4.10424468e+19
1.5602 4.14944703e+19
1.57 4.19480477e+19
1.5798 4.24031628e+19
1.5896 4.28597993e+19
1.5994 4.33179412e+19
1.6092 4.37775722e+19
1.619 4.4238676e+19
1.6288 4.47012366e+19
1.6386 4.51652375e+19
1.6484 4.56306628e+19
1.6582 4.6097496e+19
1.668 4.65657211e+19
1.6778 4.70353219e+19
1.6876 4.7506282e+19
1.6974 4.79785854e+19
1.7072 4.84522157e+19
1.717 4.89271569e+19
1.7268 4.94033926e+19
1.7366 4.98809067e+19
1.7464 5.0359683e+19
1.7562 5.08397052e+19
1.766 5.13209572e+19
1.7758 5.18034227e+19
1.7856 5.22870855e+19
1.7954 5.27719295e+19
1.8052 5.32579383e+19
1.815 5.37450959e+19
1.8248 5.4233386e+19
1.8346 5.47227923e+19
1.8444 5.52132987e+19
1.8542 5.5704889e+19
1.864 5.6197547e+19
1.8738 5.66912564e+19
1.8836 5.71860011e+19
1.8934 5.76817647e+19
1.9032 5.81785312e+19
1.913 5.86762844e+19
1.9228 5.91750079e+19
1.9326 5.96746856e+19
1.9424 6.01753014e+19
1.9522 6.06768389e+19
1.962 6.11792819e+19
1.9718 6.16826144e+19
1.9816 6.218682e+19
1.9914 6.26918825e+19
2.0012 6.31977858e+19
2.011 6.37045136e+19
2.0208 6.42120498e+19
2.0306 6.4720378e+19
2.0404 6.52294821e+19
2.0502 6.5739346e+19
2.06 6.62499533e+19
2.0698 6.67612879e+19
2.0796 6.72733336e+19
2.0894 6.77860741e+19
2.0992 6.82994933e+19
2.109 6.88135749e+19
2.1188 6.93283028e+19
2.1286 6.98436607e+19
2.1384 7.03596324e+19
2.1482 7.08762017e+19
2.158 7.13933524e+19
2.1678 7.19110683e+19
2.1776 7.24293331e+19
2.1874 7.29481308e+19
2.1972 7.3467445e+19
2.207 7.39872595e+19
2.2168 7.45075583e+19
2.2266 7.50283249e+19
2.2364 7.55495433e+19
2.2462 7.60711972e+19
2.256 7.65932704e+19
2.2658 7.71157467e+19
2.2756 7.76386099e+19
2.2854 7.81618438e+19
2.2952 7.86854322e+19
2.305 7.92093588e+19
2.3148 7.97336075e+19
2.3246 8.0258162e+19
2.3344 8.07830062e+19
2.3442 8.13081239e+19
2.354 8.18334987e+19
2.3638 8.23591146e+19
2.3736 8.28849552e+19
2.3834 8.34110045e+19
2.3932 8.39372461e+19
2.403 8.4463664e+19
2.4128 8.49902418e+19
2.4226 8.55169634e+19
2.4324 8.60438125e+19
2.4422 8.65707729e+19
2.452 8.70978286e+19
2.4618 8.76249631e+19
2.4716 8.81521603e+19
2.4814 8.86794041e+19
2.4912 8.92066782e+19
2.501 8.97339663e+19
2.5108 9.02612524e+19
2.5206 9.07885201e+19
2.5304 9.13157533e+19
2.5402 9.18429358e+19
2.55 9.23700513e+19
2.5598 9.28970836e+19
2.5696 9.34240166e+19
2.5794 9.3950834e+19
2.5892 9.44775196e+19
2.599 9.50040572e+19
2.6088 9.55304306e+19
2.6186 9.60566236e+19
2.6284 9.658262e+19
2.6382 9.71084036e+19
2.648 9.76339581e+19
2.6578 9.81592674e+19
2.6676 9.86843152e+19
2.6774 9.92090854e+19
2.6872 9.97335616e+19
2.697 1.00257728e+20
2.7068 1.00781568e+20
2.7166 1.01305065e+20
2.7264 1.01828204e+20
2.7362 1.02350968e+20
2.746 1.0287334e+20
2.7558 1.03395306e+20
2.7656 1.03916848e+20
2.7754 1.0443795e+20
2.7852 1.04958596e+20
2.795 1.0547877e+20
2.8048 1.05998455e+20
2.8146 1.06517636e+20
2.8244 1.07036296e+20
2.8342 1.07554419e+20
2.844 1.08071989e+20
2.8538 1.0858899e+20
2.8636 1.09105405e+20
2.8734 1.09621218e+20
2.8832 1.10136413e+20
2.893 1.10650974e+20
2.9028 1.11164884e+20
2.9126 1.11678128e+20
2.9224 1.12190688e+20
2.9322 1.1270255e+20
2.942 1.13213696e+20
2.9518 1.13724111e+20
2.9616 1.14233778e+20
2.9714 1.14742682e+20
2.9812 1.15250805e+20
2.991 1.15758131e+20
3.0008 1.16264646e+20
3.0106 1.16770331e+20
3.0204 1.17275171e+20
3.0302 1.17779151e+20
3.04 1.18282253e+20
3.0498 1.18784461e+20
3.0596 1.19285759e+20
3.0694 1.19786132e+20
3.0792 1.20285562e+20
3.089 1.20784034e+20
3.0988 1.21281531e+20
3.1086 1.21778038e+20
3.1184 1.22273537e+20
3.1282 1.22768013e+20
3.138 1.23261449e+20
3.1478 1.2375383e+20
3.1576 1.24245139e+20
3.1674 1.2473536e+20
3.1772 1.25224477e+20
3.187 1.25712473e+20
3.1968 1.26199332e+20
3.2066 1.26685039e+20
3.2164 1.27169576e+20
3.2262 1.27652928e+20
3.236 1.28135078e+20
3.2458 1.28616011e+20
3.2556 1.29095709e+20
3.2654 1.29574158e+20
3.2752 1.3005134e+20
3.285 1.30527239e+20
3.2948 1.3100184e+20
3.3046 1.31475125e+20
3.3144 1.3194708e+20
3.3242 1.32417687e+20
3.334 1.3288693e+20
3.3438 1.33354793e+20
3.3536 1.33821261e+20
3.3634 1.34286316e+20
3.3732 1.34749942e+20
3.383 1.35212124e+20
3.3928 1.35672845e+20
3.4026 1.36132089e+20
3.4124 1.3658984e+20
3.4222 1.37046081e+20
3.432 1.37500796e+20
3.4418 1.3795397e+20
3.4516 1.38405585e+20
3.4614 1.38855626e+20
3.4712 1.39304076e+20
3.481 1.3975092e+20
3.4908 1.4019614e+20
3.5006 1.40639722e+20
3.5104 1.41081647e+20
3.5202 1.41521902e+20
3.53 1.41960468e+20
3.5398 1.42397331e+20
3.5496 1.42832473e+20
3.5594 1.43265879e+20
3.5692 1.43697532e+20
3.579 1.44127416e+20
3.5888 1.44555515e+20
3.5986 1.44981813e+20
3.6084 1.45406294e+20
3.6182 1.45828941e+20
3.628 1.46249737e+20
3.6378 1.46668668e+20
3.6476 1.47085716e+20
3.6574 1.47500866e+20
3.6672 1.47914101e+20
3.677 1.48325406e+20
3.6868 1.48734763e+20
3.6966 1.49142156e+20
3.7064 1.4954757e+20
3.7162 1.49950988e+20
3.726 1.50352395e+20
3.7358 1.50751773e+20
3.7456 1.51149106e+20
3.7554 1.51544379e+20
3.7652 1.51937576e+20
3.775 1.52328679e+20
3.7848 1.52717673e+20
3.7946 1.53104541e+20
3.8044 1.53489268e+20
3.8142 1.53871837e+20
3.824 1.54252232e+20
3.8338 1.54630436e+20
3.8436 1.55006434e+20
3.8534 1.5538021e+20
3.8632 1.55751746e+20
3.873 1.56121027e+20
3.8828 1.56488037e+20
3.8926 1.5685276e+20
3.9024 1.57215178e+20
3.9122 1.57575277e+20
3.922 1.57933039e+20
3.9318 1.5828845e+20
3.9416 1.58641491e+20
3.9514 1.58992148e+20
3.9612 1.59340404e+20
3.971 1.59686242e+20
3.9808 1.60029647e+20
3.9906 1.60370603e+20
4.0004 1.60709093e+20
4.0102 1.610451e+20
4.02 1.61378609e+20
4.0298 1.61709604e+20
4.0396 1.62038069e+20
4.0494 1.62363986e+20
4.0592 1.6268734e+20
4.069 1.63008115e+20
4.0788 1.63326295e+20
4.0886 1.63641862e+20
4.0984 1.63954802e+20
4.1082 1.64265098e+20
4.118 1.64572733e+20
4.1278 1.64877692e+20
4.1376 1.65179958e+20
4.1474 1.65479515e+20
4.1572 1.65776347e+20
4.167 1.66070437e+20
4.1768 1.6636177e+20
4.1866 1.66650329e+20
4.1964 1.66936098e+20
4.2062 1.67219061e+20
4.216 1.67499201e+20
4.2258 1.67776503e+20
4.2356 1.6805095e+20
4.2454 1.68322526e+20
4.2552 1.68591214e+20
4.265 1.68856999e+20
4.2748 1.69119865e+20
4.2846 1.69379794e+20
4.2944 1.69636772e+20
4.3042 1.69890781e+20
4.314 1.70141805e+20
4.3238 1.70389829e+20
4.3336 1.70634836e+20
4.3434 1.7087681e+20
4.3532 1.71115734e+20
4.363 1.71351593e+20
4.3728 1.7158437e+20
4.3826 1.7181405e+20
4.3924 1.72040615e+20
4.4022 1.72264049e+20
4.412 1.72484337e+20
4.4218 1.72701462e+20
4.4316 1.72915408e+20
4.4414 1.73126159e+20
4.4512 1.73333699e+20
4.461 1.7353801e+20
4.4708 1.73739078e+20
4.4806 1.73936886e+20
4.4904 1.74131418e+20
4.5002 1.74322657e+20
4.51 1.74510587e+20
4.5198 1.74695193e+20
4.5296 1.74876457e+20
4.5394 1.75054364e+20
4.5492 1.75228898e+20
4.559 1.75400042e+20
4.5688 1.75567779e+20
4.5786 1.75732095e+20
4.5884 1.75892973e+20
4.5982 1.76050395e+20
4.608 1.76204347e+20
4.6178 1.76354812e+20
4.6276 1.76501774e+20
4.6374 1.76645217e+20
4.6472 1.76785123e+20
4.657 1.76921478e+20
4.6668 1.77054265e+20
4.6766 1.77183468e+20
4.6864 1.7730907e+20
4.6962 1.77431056e+20
4.706 1.77549409e+20
4.7158 1.77664112e+20
4.7256 1.77775151e+20
4.7354 1.77882508e+20
4.7452 1.77986167e+20
4.755 1.78086112e+20
4.7648 1.78182327e+20
4.7746 1.78274796e+20
4.7844 1.78363502e+20
4.7942 1.7844843e+20
4.804 1.78529562e+20
4.8138 1.78606884e+20
4.8236 1.78680378e+20
4.8334 1.78750028e+20
4.8432 1.78815819e+20
4.853 1.78877734e+20
4.8628 1.78935756e+20
4.8726 1.7898987e+20
4.8824 1.7904006e+20
4.8922 1.79086308e+20
4.902 1.791286e+20
4.9118 1.79166918e+20
4.9216 1.79201247e+20
4.9314 1.7923157e+20
4.9412 1.79257872e+20
4.951 1.79280135e+20
4.9608 1.79298344e+20
4.9706 1.79312482e+20
4.9804 1.79322534e+20
4.9902 1.79328483e+20
